000000000000000000000000000000000000000000000000000001110
000000000000000000000000000000000000000000000000000000110
000000000000000000000000000000000000000000000000000111110
000000000000000000000000000000000000000000000001111011000
000000000000000000000000000000000000000111111110111100000
000000000000000000000000000000011111111111111111000000000
000000000000000000000011111111100011111000000000000000000
000000000000000000111111111100111100000000000000000000000
000000000000000111011001100011000000000000000000000000000
000010000000001000100010000100000000000000000000100000000
000011111100001001000010000110000000000000011111100000000
000111111011111111000001101101100000011111100111111000000
000110000100000001110110000000011011100000010000110000000
000001111000000000001000000000000100000000001111000000000
000000111110000100010000000000000010001000111110000000000
000000001111111000010000000110110010000111111100000000000
000000000000100000010000001011101010000000010000000000000
000000000000111000001000001101010100000011100000000000000
000000000000000111111110000111111011111100000000000000000
000000000000000000000001111111100000000000000000000000000