0000000000000000000000000000000000000000000000000110
0000000000000000000000000000000000000000000000001100
0000000000000000000000000000000000000000000000111000
0000000000000000000000000000000000111000110001110000
0000000000000000000000000000001111110111111111110000
0000000000000000000000000001111111110111111011101100
0000000000000000000000000011111111111111111111101010
0000000000000000000000000001011010000011011011011111
0000000000000000000000000001111100000011110101111000
0001111111110000000000001111111100000010010010001000
0010000011101100000000001111111100000001000000010000
0101000011010010000000011111111100000000100000100000
1001010100100010000001111111110000000000100000100000
1001001111101111111111111111100000000000110001100000
1010100111111000000000000000000000000000011111100000
1010011000100100000000000000000000000000000000010000
1010000110100010001000000000000000000000000000001000
0101001110011101110000000100000000000000000000000100
0010111100100000010000000100000000000000000000000010
0001110111010011010000000100000000000000000000000001
0001001111110100111100000010000000000000000000000001
0001010011101111011110000010000000010000000000000001
0001001110111000100010000010000000010000000000000010
0000100011111101011100000010000000000111110000000110
0000011111111111111111100001111111111100001000011010
0000000100000101001111111110000000000010001111100010
0000000100000010011010100001111111111111100011000010
0000000010000001111111100010000000000000010001100010
0000000001000001001101100010000000000000010001100001
0000000000100001000000100001000000000000010010100001
0000000000010000100000010000100000000001011100010010
0000000000001100010000001100010000000000111100010010
0000000000000010001000000011001000000000000000010010
0000000000000001000100000000100100000000000000010010
0000000000000000100010000000010010000000000000010010
0000000000000000010010000000001010000000000000010010
0000000000000000010111000000001011000000000000111111
0000000000000000011111000000001111100000000000011111