000000011111000000000000000000000111110000000
000001111111000000000000000000000111111100000
000111111100000000000000000000000111111100000
001111111100000000000000000000000001111111100
011111111100000000000111111000000001111111110
111111111110000000011111111100000011111111111
111111111111000000111111111000000111111111111
111111111111111111111111111111111111111111111
111111111111111111111111111111111111111111110
011111111111111111111111111111111111111111100
001111111111111111111111111111111111111111000
000011111111111111111111111111111111111100000
000000111111111111111111111111111111110000000
000000000001111111111111111111111100000000000
000000000000000000111111111110000000000000000
000000000000000000001111111111100000000000000
000000000000000000011111111111110000000000000
000000000000000000111111111111111000000000000