0000000000000011100000000000000000000000000000
0000000000000111111000000000000000000000000000
0000000000011111101100000000000000000000000000
0000000001111111000110000000000000000000000000
0000000011111110000011000000000000000000000000
0000000111111100000001000000000001111000000000
0000000111111100000001000000000011111100000000
0000000111111100000001000000000111111110000000
0000001111111110000011000000000101111111000000
0000111111111111011111000000001001011111110000
0011111111111111111111110000010010000011111000
0111111111111111111111111000100100000000111100
1111111111111111111111110111001000000000011110
1111111111111111111111011110010000000000001111
1111111111111111111101111110100000000000000111
1111111111111111110111111111000000000000000111
0111111111111110111111111111000000000000000011
0111111111111111111111111111000000000000000011
0111111111111111111111111111000000000000000010
0011111111111111111010010111000000000000000000
0001111111111111100100100011000000000000000000