000000000000000011111111111110000000000000000
000000000001100000000000000000001100000000000
000000001000010111111111111100110000100000000
000000100011111011111111111111111110001000000
000010001111111111111111111111111111100010000
000100011000000001111111111100000000110001000
001000110000000001111111111100000000011000100
010001100000000000111111111000000000001100010
100001100000000000011111110000000000001100001
100001111111111111111010111111111111111100001
100000011111111111110010011111111111110000001
100000000000000011100010001110000000000000001
100000000000000011111111111111000000000000001
010000000000000011111111111111000000000000010
001000000000000111111111111111000000000000100
000100000000000110011001100011000000000001000
000011000000000110011001100011000000000110000
000000110000000110011001000011000000011000000
000000001110000110011000000011000011100000000
000000000001111100000000000001111100000000000
000000000000000011111111111110000000000000000