000000000001100011000000111111111000000110001100000000000
000000011000111001111111011111110111111100111000110000000
000000001110011111100000011111110000001111110011100000000
000000000101111111000110011111110011000111111101000000000
000000110111111111111001011111110100111111111111011000000
000000011110010000111100100000001001111000010011110000000
000000011000100000000010000111000010000000001000110000000
000011110000011100000001001000100100000001110000011110000
001111100000000011111111010010010111111110000000111110000
011100011000000000000000011101110000000000000001100011100
110000000100000000000000000000000000000000000001000000011
000000001000111111110011111111111110011111111000100000000
000000010111000000001111111111111111100000000111010000000
000000111000000000000010101010101010000000000000111000000
000001100000000000000010101010101010000000000000001100000
000000000000000000000000101010101000000000000000000000000
000000000000000000000000001010100000000000000000000000000