0000000000001000000000000000000000000000001000000000000
0000000000011000000000001000001000000000001100000000000
0000000000010100000000001100011000000000010100000000000
0000000000010100000001110011100111000000010100000000000
0000000000010010011011101001001011101100100100000000000
0000000000001001111111000101010001111111001000000000000
0000000000000100100100110111110110000010010000000000000
0000000000000011011111001001001001111001100000000000000
0000000000000000111001100010100011001110000000000000000
0000000000001111110010010010100100100111111000000000000
0000000000000111111011000010100001101111110000000000000
0000000000001101001011100000000011101001011000000000000
0000000000010011111000101110111010001111100100000000000
0000000000100111111100011001001100011111110010000000000
0000111011000100011110100001000010111100010001101110000
0001110100000000000101011111111101010000000000010111000
0001010010000000000110110100010110110000000000100101000
1111100000000100000111111000001111110000010000000011111
1001111000001110000000001111111000000000111000001111001
1101111110000110000000000111110000000000110000111111011
0111000111001001100000000000000000000011001001110001110
0000001111111000001111100011100011111000000111111000000