01111110000000000000000000000000000000000000000000000000
11111110000000000000000000000000000000000000000000000000
11111100000000000000000000000000000000000000000000000000
01110000000000000000000000000000110100000000000000000000
01110000000000000000000000000011001011100000000000000000
00101000000000000000000000000101000100010000000000000000
00011100000000000000000000000111101111110000000000000000
00001110000000000000000000000100110001010000000000000000
00000111000000000000000000000011111111100000000000000000
00000011100000000000000000000011000011100000000000000000
00000001111110111111111100000011111111000000000000000000
00000001111111111111111111110011111111000000000000000000
00000000000000000011100000111111111101111111111110101000
00000000000000000000000001111111111111111110001110000000
00000000000000000000000011111111011111111101000101000000
00000000000000000000000011111111001111111111100010100000
00000000000000000000000011111111101111111111100001110000
00000000000000000000000011111111111111111111100000101000
00000000000000000000000001111111111111111111100000010100
00000000000000000000000000111111111111111111000000011111
00000000000000000000000000000011001000000000000000000000