000000000000000000000011111110000000110000000000000000
000000000000000000011111111111111000011000000000000000
000000000000000011111100000001111111111000000000000000
000000000000000111110000000000000000000000000000000000
000000000000000111100000000000000000000000000000000000
000000000000000111110000000000000000000000000000000000
000000000000000011111100000000000000000000000000000000
000000000000000001111111110011100000000000000000000000
000000000000001111111111111111111111111110000000000000
000000000011111111111111111110111111111111100000000000
000001111111111110000111111111111111111000000000000000
000011111111111110001111111111101111111111000000000000
000001111111111110001111111001111101111111111100000000
000000111111111111111001111111110000001111111111100000
000011001111111110000111111111111100000011111111110000
000000000000000010011111111111111000000000111111111000
000000000000000001101100000011111000000000111111111100
000000000000001111111111111111110100000000111111111100
000000000000110111111111111111100010000000111111111100
000000000111111000000000011111100011000001111111111100
000000001011111111111111111100000111111111111111111000
000000010110010000000000110000001111111111111111110000
000000010011111111111011000011111111111111111111111000
000000001110011100000100000011111111111111111111111000
000000000001111111111100000001111111111111111111111000
000000000011111111111011010010011111111111111111100000
000000001111111000110101011011001000000000011111100000
000001110110011111111001010101111000000111111010011100
011111111101111111110001100011000000001101111011111111
111111100111100011000000000000000000001111001111000110
110011100011000000000000000000000000000011000110000000