00000000
00111100
01100110
01100110
01100110
01100110
00111100
00000000

00000000
00011000
00111000
00011000
00011000
00011000   
00111100
00000000

00000000
00111100
01100110
00000110
00011100
00110000
01111110
00000000

00000000
00111100
01100110
00001100
00001110
01100110
00111100
00000000

00000000
00011100
00111100
01101100
11111111
00001100
00001100
00000000

00000000
01111110
01100000
01111100
00000110
01100110
00111100
00000000

00000000
00011000
00110000
01111100
01100110
01100110
00111100
00000000

00000000
01111110
00000110
00001100
00011000
00110000
00110000
00000000

00000000
00111100
01100110
00111100
01100110
01100110
00111100
00000000

00000000
00111100
01100110
01100110
00111100
00011000
00110000
00000000

00000000
00001000
00001100
01111110
01111110
00001100
00001000
00000000

00000000
00010000
00110000
01111110
01111110
00110000
00010000
00000000

00000000
00011000
00111100
01111110
00011000
00011000
00011000
00000000

00000000
00011000
00011000
00011000
01111110
00111100
00011000
00000000